error(train): 0.328358
error(test): 0.313433
